# unix_time, cycles_done, cur_path, paths_total, pending_total, pending_favs, map_size, unique_crashes, unique_hangs, max_depth, execs_per_sec
1667698113, 0, 0, 20, 20, 1, 6.82%, 0, 0, 2, 2191.50, 8278
1667698118, 0, 0, 20, 20, 1, 6.82%, 0, 0, 2, 1941.06, 17648
1667698123, 0, 0, 20, 20, 1, 6.82%, 0, 0, 2, 1783.99, 26363
1667698128, 0, 2, 20, 18, 1, 6.82%, 0, 0, 2, 1750.81, 35141
1667698133, 1, 9, 20, 15, 0, 6.82%, 0, 0, 2, 1553.69, 42976
1667698138, 1, 9, 20, 15, 0, 6.82%, 0, 0, 2, 1484.49, 50337
1667698143, 1, 18, 20, 14, 0, 6.82%, 0, 0, 2, 1563.14, 58276
1667698148, 1, 18, 20, 14, 0, 6.82%, 0, 0, 2, 1590.78, 66255
1667698153, 1, 18, 20, 14, 0, 6.82%, 0, 0, 2, 1566.52, 74004
1667698158, 2, 10, 21, 13, 0, 6.82%, 0, 0, 3, 1549.32, 82128
1667698163, 2, 10, 21, 13, 0, 6.82%, 0, 0, 3, 1498.88, 89547
1667698168, 2, 12, 21, 12, 0, 6.82%, 0, 0, 3, 1699.15, 98362
1667698174, 2, 15, 21, 11, 0, 6.82%, 0, 0, 3, 1723.85, 107057
1667698179, 2, 20, 21, 10, 0, 6.82%, 0, 0, 3, 1687.02, 115809
1667698184, 2, 20, 21, 10, 0, 6.82%, 0, 0, 3, 1686.77, 124335
1667698189, 3, 16, 21, 7, 0, 6.82%, 0, 0, 3, 1707.26, 133278
1667698194, 3, 17, 21, 6, 0, 6.82%, 0, 0, 3, 1558.29, 140519
1667698199, 4, 14, 22, 6, 0, 6.82%, 0, 0, 3, 1554.63, 148436
1667698204, 4, 14, 22, 6, 0, 6.82%, 0, 0, 3, 1594.52, 155975
1667698209, 4, 14, 22, 6, 0, 6.82%, 0, 0, 3, 1697.68, 164559
1667698214, 4, 14, 22, 6, 0, 6.82%, 0, 0, 3, 1750.75, 173407
1667698219, 5, 14, 22, 5, 0, 6.82%, 0, 0, 3, 1672.16, 181867
1667698224, 5, 21, 22, 4, 0, 6.82%, 0, 0, 3, 1480.68, 189637
1667698229, 5, 21, 22, 4, 0, 6.82%, 0, 0, 3, 1482.75, 196653
1667698234, 5, 21, 22, 4, 0, 6.82%, 0, 0, 3, 1576.78, 204677
1667698239, 5, 21, 22, 4, 0, 6.82%, 0, 0, 3, 1549.88, 212600
1667698245, 6, 9, 22, 3, 0, 6.82%, 0, 0, 3, 1618.79, 220917
1667698250, 7, 9, 22, 3, 0, 6.82%, 0, 0, 3, 1637.63, 229207
1667698255, 8, 5, 22, 3, 0, 6.82%, 0, 0, 3, 1593.84, 237272
1667698260, 8, 16, 22, 2, 0, 6.82%, 0, 0, 3, 1595.82, 245124
1667698265, 9, 15, 22, 2, 0, 6.82%, 0, 0, 3, 1619.50, 253579
1667698270, 10, 11, 22, 2, 0, 6.82%, 0, 0, 3, 1603.62, 261545
1667698275, 11, 13, 22, 2, 0, 6.82%, 0, 0, 3, 1644.19, 270151
1667698280, 12, 17, 22, 1, 0, 6.82%, 0, 0, 3, 1650.72, 278692
1667698286, 13, 12, 22, 1, 0, 6.82%, 0, 0, 3, 1634.21, 286980
1667698291, 14, 9, 22, 1, 0, 6.82%, 0, 0, 3, 1631.80, 295427
1667698296, 14, 14, 22, 0, 0, 6.82%, 0, 0, 3, 1613.76, 303536
1667698301, 15, 13, 22, 0, 0, 6.82%, 0, 0, 3, 1568.43, 311663
1667698306, 16, 13, 22, 0, 0, 6.82%, 0, 0, 3, 1639.21, 320368
1667698311, 17, 6, 22, 0, 0, 6.82%, 0, 0, 3, 1605.72, 328624
1667698317, 18, 2, 22, 0, 0, 6.82%, 0, 0, 3, 1619.17, 336977
1667698322, 19, 2, 22, 0, 0, 6.82%, 0, 0, 3, 1571.12, 344772
1667698327, 20, 1, 22, 0, 0, 6.82%, 0, 0, 3, 1573.84, 352741
1667698332, 20, 13, 22, 0, 0, 6.82%, 0, 0, 3, 1604.64, 361233
1667698337, 21, 12, 22, 0, 0, 6.82%, 0, 0, 3, 1621.29, 369489
1667698342, 22, 19, 22, 0, 0, 6.82%, 0, 0, 3, 1581.91, 377416
1667698347, 23, 9, 22, 0, 0, 6.82%, 0, 0, 3, 1641.77, 385745
1667698352, 24, 1, 22, 0, 0, 6.82%, 0, 0, 3, 1639.33, 393905
1667698357, 25, 0, 22, 0, 0, 6.82%, 0, 0, 3, 1616.19, 402033
1667698362, 25, 15, 22, 0, 0, 6.82%, 0, 0, 3, 1596.26, 410031
1667698367, 26, 20, 22, 0, 0, 6.82%, 0, 0, 3, 1627.35, 418513
1667698372, 28, 3, 22, 0, 0, 6.82%, 0, 0, 3, 1610.00, 426577
1667698377, 29, 1, 22, 0, 0, 6.82%, 0, 0, 3, 1667.41, 435191
1667698382, 29, 19, 22, 0, 0, 6.82%, 0, 0, 3, 1628.45, 443473
1667698388, 30, 7, 22, 0, 0, 6.82%, 0, 0, 3, 1640.64, 452017
1667698393, 31, 8, 22, 0, 0, 6.82%, 0, 0, 3, 1549.20, 460207
1667698398, 31, 21, 22, 0, 0, 6.82%, 0, 0, 3, 1573.07, 468079
1667698403, 33, 6, 22, 0, 0, 6.82%, 0, 0, 3, 1579.48, 476201
1667698408, 34, 4, 22, 0, 0, 6.82%, 0, 0, 3, 1570.96, 484048
1667698413, 34, 17, 22, 0, 0, 6.82%, 0, 0, 3, 1595.80, 492015
1667698418, 35, 17, 22, 0, 0, 6.82%, 0, 0, 3, 1628.26, 500241
1667698423, 36, 14, 22, 0, 0, 6.82%, 0, 0, 3, 1643.99, 508720
1667698428, 37, 9, 22, 0, 0, 6.82%, 0, 0, 3, 1655.24, 517311
1667698434, 39, 1, 22, 0, 0, 6.82%, 0, 0, 3, 1613.10, 525681
1667698439, 40, 1, 22, 0, 0, 6.82%, 0, 0, 3, 1606.02, 533809
1667698444, 41, 1, 22, 0, 0, 6.82%, 0, 0, 3, 1629.53, 542321
1667698449, 41, 19, 22, 0, 0, 6.82%, 0, 0, 3, 1607.40, 550255
1667698454, 42, 9, 22, 0, 0, 6.82%, 0, 0, 3, 1604.31, 558384
1667698459, 43, 14, 22, 0, 0, 6.82%, 0, 0, 3, 1638.36, 566833
1667698464, 44, 17, 22, 0, 0, 6.82%, 0, 0, 3, 1619.13, 575344
1667698469, 45, 9, 22, 0, 0, 6.82%, 0, 0, 3, 1590.45, 583696
1667698475, 46, 13, 22, 0, 0, 6.82%, 0, 0, 3, 1624.42, 592177
1667698480, 47, 4, 22, 0, 0, 6.82%, 0, 0, 3, 570.78, 598348
1667698485, 48, 4, 22, 0, 0, 6.82%, 0, 0, 3, 1406.93, 606567
1667698490, 48, 19, 22, 0, 0, 6.82%, 0, 0, 3, 1500.16, 614222
1667698495, 49, 9, 22, 0, 0, 6.82%, 0, 0, 3, 1625.22, 622865
1667698500, 50, 1, 22, 0, 0, 6.82%, 0, 0, 3, 1582.98, 630922
1667698505, 51, 2, 22, 0, 0, 6.82%, 0, 0, 3, 1568.74, 639213
1667698510, 52, 1, 22, 0, 0, 6.82%, 0, 0, 3, 1590.99, 647275
1667698515, 53, 1, 22, 0, 0, 6.82%, 0, 0, 3, 1638.24, 655600
1667698520, 53, 14, 22, 0, 0, 6.82%, 0, 0, 3, 1599.65, 663653
1667698526, 54, 2, 22, 0, 0, 6.82%, 0, 0, 3, 1634.17, 672176
1667698531, 54, 21, 22, 0, 0, 6.82%, 0, 0, 3, 1624.63, 680497
1667698536, 55, 14, 22, 0, 0, 6.82%, 0, 0, 3, 1573.52, 688367
1667698541, 56, 6, 22, 0, 0, 6.82%, 0, 0, 3, 1604.40, 696745
1667698546, 57, 9, 22, 0, 0, 6.82%, 0, 0, 3, 1597.81, 705073
1667698551, 58, 11, 22, 0, 0, 6.82%, 0, 0, 3, 1669.03, 713787
1667698556, 59, 8, 22, 0, 0, 6.82%, 0, 0, 3, 1575.81, 721441
1667698561, 60, 6, 22, 0, 0, 6.82%, 0, 0, 3, 1573.85, 729648
1667698566, 61, 7, 22, 0, 0, 6.82%, 0, 0, 3, 1538.35, 737197
1667698572, 61, 18, 22, 0, 0, 6.82%, 0, 0, 3, 1543.55, 745263
1667698577, 62, 11, 22, 0, 0, 6.82%, 0, 0, 3, 1561.68, 753416
1667698582, 63, 1, 22, 0, 0, 6.82%, 0, 0, 3, 1582.04, 761732
1667698587, 63, 19, 22, 0, 0, 6.82%, 0, 0, 3, 1588.01, 770064
1667698592, 64, 15, 22, 0, 0, 6.82%, 0, 0, 3, 1628.55, 778544
1667698598, 65, 14, 22, 0, 0, 6.82%, 0, 0, 3, 1616.66, 786865
1667698603, 66, 5, 22, 0, 0, 6.82%, 0, 0, 3, 1543.98, 794645
1667698608, 66, 18, 22, 0, 0, 6.82%, 0, 0, 3, 1571.36, 802832
1667698613, 67, 5, 22, 0, 0, 6.82%, 0, 0, 3, 1614.78, 810897
1667698618, 68, 3, 22, 0, 0, 6.82%, 0, 0, 3, 1590.22, 818822
1667698623, 68, 21, 22, 0, 0, 6.82%, 0, 0, 3, 1574.12, 826993
1667698628, 69, 11, 22, 0, 0, 6.82%, 0, 0, 3, 1630.22, 835505
1667698633, 70, 8, 22, 0, 0, 6.82%, 0, 0, 3, 1660.19, 843888
1667698638, 70, 21, 22, 0, 0, 6.82%, 0, 0, 3, 1533.32, 851535
1667698643, 71, 17, 22, 0, 0, 6.82%, 0, 0, 3, 1571.29, 859557
1667698648, 72, 14, 22, 0, 0, 6.82%, 0, 0, 3, 1624.45, 867793
1667698654, 73, 6, 22, 0, 0, 6.82%, 0, 0, 3, 1674.68, 876464
1667698659, 74, 4, 22, 0, 0, 6.82%, 0, 0, 3, 1650.02, 884912
1667698664, 75, 18, 22, 0, 0, 6.82%, 0, 0, 3, 1665.70, 893232
1667698669, 76, 10, 22, 0, 0, 6.82%, 0, 0, 3, 1619.22, 901329
1667698674, 77, 2, 22, 0, 0, 6.82%, 0, 0, 3, 1570.65, 909551
1667698679, 78, 4, 22, 0, 0, 6.82%, 0, 0, 3, 1644.09, 918129
1667698684, 78, 18, 22, 0, 0, 6.82%, 0, 0, 3, 1602.65, 926352
1667698690, 79, 18, 22, 0, 0, 6.82%, 0, 0, 3, 1624.82, 934897
1667698695, 80, 16, 22, 0, 0, 6.82%, 0, 0, 3, 1561.35, 942800
1667698700, 81, 8, 22, 0, 0, 6.82%, 0, 0, 3, 1584.69, 951151
1667698705, 82, 16, 22, 0, 0, 6.82%, 0, 0, 3, 1619.26, 959120
1667698710, 83, 19, 25, 3, 1, 7.95%, 0, 0, 3, 1611.58, 967496
1667698715, 83, 22, 25, 3, 1, 7.95%, 0, 0, 3, 1407.67, 974422
1667698720, 83, 22, 25, 3, 1, 7.95%, 0, 0, 3, 1342.31, 981230
1667698725, 83, 22, 25, 3, 1, 7.95%, 0, 0, 3, 1337.00, 987886
1667698730, 83, 22, 25, 3, 1, 7.95%, 0, 0, 3, 1318.41, 994490
1667698735, 83, 22, 25, 3, 1, 7.95%, 0, 0, 3, 205.37, 1000496
1667699915, 83, 22, 25, 3, 1, 7.95%, 0, 0, 3, 0.01, 1000503
1667699920, 83, 22, 25, 3, 1, 7.95%, 0, 0, 3, 1025.66, 1005455
1667699926, 83, 22, 25, 3, 1, 7.95%, 0, 0, 3, 1223.19, 1011817
1667699931, 83, 22, 25, 3, 1, 7.95%, 0, 0, 3, 1200.18, 1018188
1667699936, 83, 22, 25, 3, 1, 7.95%, 0, 0, 3, 1273.30, 1024485
1667699941, 83, 22, 25, 3, 1, 7.95%, 0, 0, 3, 1414.74, 1032075
1667699946, 83, 22, 25, 3, 1, 7.95%, 0, 0, 3, 1040.87, 1039275
1667699951, 83, 22, 25, 3, 1, 7.95%, 0, 0, 3, 1352.22, 1046450
1667699956, 83, 22, 25, 3, 1, 7.95%, 0, 0, 3, 1375.83, 1053767
1667699961, 83, 22, 25, 3, 1, 7.95%, 0, 0, 3, 1379.88, 1060409
1667699967, 83, 22, 25, 3, 1, 7.95%, 0, 0, 3, 1447.84, 1067943
1667699972, 83, 22, 25, 3, 1, 7.95%, 0, 0, 3, 1432.32, 1075067
1667699977, 83, 22, 25, 3, 1, 7.95%, 0, 0, 3, 1416.56, 1082095
1667699982, 83, 22, 25, 3, 1, 7.95%, 0, 0, 3, 1429.40, 1089459
1667699987, 83, 22, 25, 3, 1, 7.95%, 0, 0, 3, 1425.32, 1096655
1667699992, 83, 22, 25, 3, 1, 7.95%, 0, 0, 3, 1449.25, 1103963
1667699997, 83, 22, 25, 3, 1, 7.95%, 0, 0, 3, 1407.26, 1111299
1667700002, 83, 22, 25, 3, 1, 7.95%, 0, 0, 3, 1428.65, 1118495
1667700007, 83, 22, 25, 3, 1, 7.95%, 0, 0, 3, 1452.06, 1125804
1667700012, 83, 22, 25, 3, 1, 7.95%, 0, 0, 3, 1435.45, 1133251
1667700017, 83, 22, 25, 3, 1, 7.95%, 0, 0, 3, 1414.57, 1140391
1667700023, 83, 22, 25, 3, 1, 7.95%, 0, 0, 3, 1388.16, 1147519
1667700028, 83, 22, 25, 3, 1, 7.95%, 0, 0, 3, 1295.42, 1154269
1667700033, 83, 22, 25, 3, 1, 7.95%, 0, 0, 3, 1383.02, 1161640
1667700038, 83, 22, 25, 3, 1, 7.95%, 0, 0, 3, 1381.62, 1168930
1667700043, 83, 22, 25, 3, 1, 7.95%, 0, 0, 3, 1384.71, 1176139
1667700048, 83, 22, 25, 3, 1, 7.95%, 0, 0, 3, 1389.11, 1183301
1667700054, 83, 22, 25, 3, 1, 7.95%, 0, 0, 3, 1343.67, 1190184
1667700059, 83, 22, 25, 3, 1, 7.95%, 0, 0, 3, 1399.58, 1197233
1667700064, 83, 22, 25, 3, 1, 7.95%, 0, 0, 3, 1389.28, 1204496
1667700069, 83, 22, 25, 3, 1, 7.95%, 0, 0, 3, 1435.48, 1212054
1667700074, 83, 22, 25, 3, 1, 7.95%, 0, 0, 3, 1433.54, 1219418
1667700079, 83, 22, 25, 3, 1, 7.95%, 0, 0, 3, 1385.09, 1226609
1667700085, 83, 22, 25, 3, 1, 7.95%, 0, 0, 3, 1388.25, 1233899
1667700090, 83, 22, 25, 3, 1, 7.95%, 0, 0, 3, 1394.42, 1241189
1667700095, 83, 22, 25, 3, 1, 7.95%, 0, 0, 3, 1397.03, 1248482
1667700100, 83, 22, 25, 3, 1, 7.95%, 0, 0, 3, 1373.28, 1255364
1667700105, 83, 22, 25, 3, 1, 7.95%, 0, 0, 3, 1343.25, 1262022
1667700110, 83, 22, 25, 3, 1, 7.95%, 0, 0, 3, 1427.24, 1269398
1667700115, 83, 22, 25, 3, 1, 7.95%, 0, 0, 3, 1363.90, 1276424
1667700120, 83, 22, 25, 3, 1, 7.95%, 0, 0, 3, 1402.95, 1283498
1667700126, 83, 22, 25, 3, 1, 7.95%, 0, 0, 3, 1414.78, 1290855
1667700131, 83, 22, 25, 3, 1, 7.95%, 0, 0, 3, 1409.54, 1298219
1667700136, 83, 22, 25, 3, 1, 7.95%, 0, 0, 3, 1411.03, 1305518
1667700141, 83, 22, 25, 3, 1, 7.95%, 0, 0, 3, 1411.40, 1312679
1667700146, 83, 22, 25, 3, 1, 7.95%, 0, 0, 3, 1426.28, 1319791
1667700151, 83, 22, 25, 3, 1, 7.95%, 0, 0, 3, 1427.58, 1326872
1667700156, 83, 22, 25, 3, 1, 7.95%, 0, 0, 3, 1426.04, 1333956
1667700161, 83, 22, 25, 3, 1, 7.95%, 0, 0, 3, 1390.32, 1341128
1667700166, 83, 22, 25, 3, 1, 7.95%, 0, 0, 3, 1373.40, 1348256
1667700171, 83, 22, 25, 3, 1, 7.95%, 0, 0, 3, 1227.93, 1354592
1667700177, 83, 22, 25, 3, 1, 7.95%, 0, 0, 3, 1195.14, 1360004
1667700182, 83, 22, 25, 3, 1, 7.95%, 0, 0, 3, 1276.24, 1366623
1667700187, 83, 22, 25, 3, 1, 7.95%, 0, 0, 3, 1338.24, 1373248
1667700192, 83, 22, 25, 3, 1, 7.95%, 0, 0, 3, 1340.94, 1379982
1667700197, 83, 22, 25, 3, 1, 7.95%, 0, 0, 3, 1395.07, 1387082
1667700202, 83, 22, 25, 3, 1, 7.95%, 0, 0, 3, 1407.91, 1394184
1667700207, 83, 22, 25, 3, 1, 7.95%, 0, 0, 3, 1369.84, 1401095
1667700212, 83, 22, 25, 3, 1, 7.95%, 0, 0, 3, 1375.06, 1408304
1667700217, 83, 22, 25, 3, 1, 7.95%, 0, 0, 3, 1341.94, 1415290
1667700222, 83, 22, 25, 3, 1, 7.95%, 0, 0, 3, 1355.02, 1422074
1667700227, 83, 22, 25, 3, 1, 7.95%, 0, 0, 3, 1346.50, 1429148
1667700232, 83, 22, 25, 3, 1, 7.95%, 0, 0, 3, 1296.73, 1435548
1667700237, 83, 22, 25, 3, 1, 7.95%, 0, 0, 3, 1325.76, 1442590
1667700243, 83, 22, 25, 3, 1, 7.95%, 0, 0, 3, 1390.32, 1449857
1667700248, 83, 22, 25, 3, 1, 7.95%, 0, 0, 3, 1384.43, 1456742
1667700253, 83, 22, 25, 3, 1, 7.95%, 0, 0, 3, 1363.34, 1463870
1667700258, 83, 22, 25, 3, 1, 7.95%, 0, 0, 3, 1350.88, 1470782
1667700263, 83, 22, 25, 3, 1, 7.95%, 0, 0, 3, 1396.41, 1478072
1667700268, 83, 22, 25, 3, 1, 7.95%, 0, 0, 3, 1395.42, 1485065
1667700273, 83, 22, 25, 3, 1, 7.95%, 0, 0, 3, 1377.13, 1491923
1667700278, 83, 22, 25, 3, 1, 7.95%, 0, 0, 3, 1390.66, 1499132
1667700284, 83, 22, 25, 3, 1, 7.95%, 0, 0, 3, 1386.90, 1506341
1667700289, 83, 22, 25, 3, 1, 7.95%, 0, 0, 3, 1394.05, 1513550
1667700294, 83, 22, 25, 3, 1, 7.95%, 0, 0, 3, 1309.78, 1520252
1667700299, 83, 22, 25, 3, 1, 7.95%, 0, 0, 3, 1228.17, 1526816
1667700304, 83, 22, 25, 3, 1, 7.95%, 0, 0, 3, 1336.03, 1533642
1667700309, 83, 22, 25, 3, 1, 7.95%, 0, 0, 3, 1405.25, 1540960
1667700314, 83, 22, 25, 3, 1, 7.95%, 0, 0, 3, 1348.60, 1547656
1667700319, 83, 22, 25, 3, 1, 7.95%, 0, 0, 3, 1366.69, 1554455
1667700324, 83, 22, 25, 3, 1, 7.95%, 0, 0, 3, 1354.44, 1561286
1667700329, 83, 22, 25, 3, 1, 7.95%, 0, 0, 3, 1378.84, 1568333
1667700334, 83, 22, 25, 3, 1, 7.95%, 0, 0, 3, 1414.16, 1575708
1667700339, 83, 22, 25, 3, 1, 7.95%, 0, 0, 3, 1412.95, 1582764
1667700344, 83, 22, 25, 3, 1, 7.95%, 0, 0, 3, 1384.89, 1589636
1667700350, 83, 22, 25, 3, 1, 7.95%, 0, 0, 3, 1361.87, 1596413
1667700355, 83, 22, 25, 3, 1, 7.95%, 0, 0, 3, 1371.11, 1603622
1667700360, 83, 22, 25, 3, 1, 7.95%, 0, 0, 3, 1358.53, 1610804
1667700365, 83, 22, 25, 3, 1, 7.95%, 0, 0, 3, 1377.49, 1617770
1667700370, 83, 22, 25, 3, 1, 7.95%, 0, 0, 3, 1262.24, 1624323
1667700375, 83, 22, 25, 3, 1, 7.95%, 0, 0, 3, 1321.24, 1630960
1667700380, 83, 22, 25, 3, 1, 7.95%, 0, 0, 3, 1237.73, 1637072
1667700385, 83, 22, 25, 3, 1, 7.95%, 0, 0, 3, 1374.02, 1644257
1667700390, 83, 22, 25, 3, 1, 7.95%, 0, 0, 3, 1400.63, 1651493
1667700396, 83, 22, 25, 3, 1, 7.95%, 0, 0, 3, 1374.66, 1658648
1667700401, 83, 22, 25, 3, 1, 7.95%, 0, 0, 3, 1368.78, 1665722
1667700406, 83, 22, 25, 3, 1, 7.95%, 0, 0, 3, 1365.39, 1672526
1667700411, 83, 22, 25, 3, 1, 7.95%, 0, 0, 3, 1368.00, 1679681
1667700416, 83, 22, 25, 3, 1, 7.95%, 0, 0, 3, 1371.98, 1686674
1667700421, 83, 22, 25, 3, 1, 7.95%, 0, 0, 3, 1408.26, 1693812
1667700426, 83, 22, 25, 3, 1, 7.95%, 0, 0, 3, 1374.88, 1700795
1667700431, 83, 22, 25, 3, 1, 7.95%, 0, 0, 3, 1388.12, 1708004
1667700436, 83, 22, 25, 3, 1, 7.95%, 0, 0, 3, 1373.87, 1714970
1667700442, 83, 22, 25, 3, 1, 7.95%, 0, 0, 3, 1366.78, 1721936
1667700447, 83, 22, 25, 3, 1, 7.95%, 0, 0, 3, 1377.24, 1729037
1667700452, 83, 22, 25, 3, 1, 7.95%, 0, 0, 3, 1351.31, 1736111
1667700457, 83, 22, 25, 3, 1, 7.95%, 0, 0, 3, 1395.70, 1743239
1667700462, 83, 22, 25, 3, 1, 7.95%, 0, 0, 3, 1348.54, 1750286
1667700467, 83, 22, 25, 3, 1, 7.95%, 0, 0, 3, 1273.21, 1756673
1667700473, 83, 22, 25, 3, 1, 7.95%, 0, 0, 3, 1346.98, 1763786
1667700478, 83, 22, 25, 3, 1, 7.95%, 0, 0, 3, 1281.36, 1770060
1667700483, 83, 22, 25, 3, 1, 7.95%, 0, 0, 3, 1344.27, 1776950
1667700488, 83, 22, 25, 3, 1, 7.95%, 0, 0, 3, 1393.65, 1783874
1667700493, 83, 22, 25, 3, 1, 7.95%, 0, 0, 3, 1131.52, 1789805
1667700498, 83, 22, 25, 3, 1, 7.95%, 0, 0, 3, 1348.32, 1796866
1667700503, 83, 22, 25, 3, 1, 7.95%, 0, 0, 3, 1368.51, 1804043
1667700508, 83, 22, 25, 3, 1, 7.95%, 0, 0, 3, 1361.22, 1811144
1667700513, 83, 22, 25, 3, 1, 7.95%, 0, 0, 3, 1369.60, 1818029
1667700518, 83, 22, 25, 3, 1, 7.95%, 0, 0, 3, 1318.70, 1824842
1667700524, 83, 22, 25, 3, 1, 7.95%, 0, 0, 3, 1347.13, 1831914
1667700529, 83, 22, 25, 3, 1, 7.95%, 0, 0, 3, 1411.72, 1839272
1667700534, 83, 22, 25, 3, 1, 7.95%, 0, 0, 3, 1386.49, 1846217
1667700539, 83, 22, 25, 3, 1, 7.95%, 0, 0, 3, 1374.61, 1853345
1667700544, 83, 22, 25, 3, 1, 7.95%, 0, 0, 3, 1376.99, 1860257
1667700549, 83, 22, 25, 3, 1, 7.95%, 0, 0, 3, 1371.94, 1867196
1667700554, 83, 22, 25, 3, 1, 7.95%, 0, 0, 3, 1364.66, 1874027
1667700559, 83, 22, 25, 3, 1, 7.95%, 0, 0, 3, 1400.94, 1881272
1667700564, 83, 22, 25, 3, 1, 7.95%, 0, 0, 3, 1413.08, 1888328
1667700569, 83, 22, 25, 3, 1, 7.95%, 0, 0, 3, 1412.43, 1895468
1667700574, 83, 22, 25, 3, 1, 7.95%, 0, 0, 3, 1382.76, 1902377
1667700579, 83, 22, 25, 3, 1, 7.95%, 0, 0, 3, 1363.82, 1909397
1667700584, 83, 22, 25, 3, 1, 7.95%, 0, 0, 3, 1395.12, 1916390
1667700589, 83, 22, 25, 3, 1, 7.95%, 0, 0, 3, 1377.11, 1923302
1667700594, 83, 22, 25, 3, 1, 7.95%, 0, 0, 3, 1408.38, 1929600
1667700599, 83, 22, 25, 3, 1, 7.95%, 0, 0, 3, 1387.08, 1936586
1667700604, 83, 22, 25, 3, 1, 7.95%, 0, 0, 3, 1382.48, 1943525
1667700610, 83, 22, 25, 3, 1, 7.95%, 0, 0, 3, 1377.25, 1950599
1667700615, 83, 22, 25, 3, 1, 7.95%, 0, 0, 3, 1381.44, 1957457
1667700620, 83, 22, 25, 3, 1, 7.95%, 0, 0, 3, 1388.59, 1964396
1667700625, 83, 22, 25, 3, 1, 7.95%, 0, 0, 3, 1383.64, 1971497
1667700630, 83, 22, 25, 3, 1, 7.95%, 0, 0, 3, 1393.78, 1978679
1667700635, 83, 22, 25, 3, 1, 7.95%, 0, 0, 3, 1405.44, 1985618
1667700640, 83, 22, 25, 3, 1, 7.95%, 0, 0, 3, 1370.38, 1992395
1667700645, 83, 22, 25, 3, 1, 7.95%, 0, 0, 3, 1395.00, 1999685
1667700650, 83, 22, 25, 3, 1, 7.95%, 0, 0, 3, 1352.94, 2006246
1667700655, 83, 22, 25, 3, 1, 7.95%, 0, 0, 3, 1346.52, 2013134
1667700661, 83, 22, 25, 3, 1, 7.95%, 0, 0, 3, 1351.75, 2020232
1667700666, 83, 22, 25, 3, 1, 7.95%, 0, 0, 3, 1393.10, 2027306
1667700671, 83, 22, 25, 3, 1, 7.95%, 0, 0, 3, 1419.73, 2034740
1667700676, 83, 22, 25, 3, 1, 7.95%, 0, 0, 3, 1381.58, 2041859
1667700681, 83, 22, 25, 3, 1, 7.95%, 0, 0, 3, 1387.10, 2048771
1667700686, 83, 22, 25, 3, 1, 7.95%, 0, 0, 3, 1394.89, 2055771
1667700691, 83, 22, 25, 3, 1, 7.95%, 0, 0, 3, 1384.29, 2062629
1667700696, 83, 22, 25, 3, 1, 7.95%, 0, 0, 3, 1422.70, 2069750
1667700701, 83, 22, 25, 3, 1, 7.95%, 0, 0, 3, 1401.23, 2076722
1667700706, 83, 22, 25, 3, 1, 7.95%, 0, 0, 3, 1351.92, 2083428
1667700711, 83, 22, 25, 3, 1, 7.95%, 0, 0, 3, 1380.53, 2090304
1667700716, 83, 22, 25, 3, 1, 7.95%, 0, 0, 3, 1330.54, 2096818
1667700721, 83, 22, 25, 3, 1, 7.95%, 0, 0, 3, 1335.23, 2103786
1667700726, 83, 22, 25, 3, 1, 7.95%, 0, 0, 3, 1348.24, 2110676
1667700731, 83, 22, 25, 3, 1, 7.95%, 0, 0, 3, 1356.46, 2117493
1667700736, 83, 22, 25, 3, 1, 7.95%, 0, 0, 3, 1344.90, 2124066
1667700742, 83, 22, 25, 3, 1, 7.95%, 0, 0, 3, 1392.66, 2131317
1667700747, 83, 22, 25, 3, 1, 7.95%, 0, 0, 3, 1402.73, 2138406
1667700752, 83, 22, 25, 3, 1, 7.95%, 0, 0, 3, 1360.82, 2145330
1667700757, 83, 22, 25, 3, 1, 7.95%, 0, 0, 3, 1346.82, 2152350
1667700762, 83, 22, 25, 3, 1, 7.95%, 0, 0, 3, 1344.23, 2159114
1667700767, 83, 22, 25, 3, 1, 7.95%, 0, 0, 3, 1338.15, 2166030
1667700772, 83, 22, 25, 3, 1, 7.95%, 0, 0, 3, 1361.37, 2173086
1667700777, 83, 22, 25, 3, 1, 7.95%, 0, 0, 3, 1399.13, 2180187
1667700783, 83, 22, 25, 3, 1, 7.95%, 0, 0, 3, 1322.10, 2186986
1667700788, 83, 22, 25, 3, 1, 7.95%, 0, 0, 3, 1369.91, 2193957
1667700793, 83, 22, 25, 3, 1, 7.95%, 0, 0, 3, 1209.95, 2200137
1667700798, 83, 22, 25, 3, 1, 7.95%, 0, 0, 3, 1348.93, 2207106
1667700803, 83, 22, 25, 3, 1, 7.95%, 0, 0, 3, 1352.09, 2214153
1667700808, 83, 22, 25, 3, 1, 7.95%, 0, 0, 3, 1383.30, 2221389
1667700813, 83, 22, 25, 3, 1, 7.95%, 0, 0, 3, 1371.29, 2228355
1667700818, 83, 22, 25, 3, 1, 7.95%, 0, 0, 3, 1381.38, 2235591
1667700824, 83, 22, 25, 3, 1, 7.95%, 0, 0, 3, 1369.43, 2242692
1667700829, 83, 22, 25, 3, 1, 7.95%, 0, 0, 3, 1385.05, 2249901
1667700834, 83, 22, 25, 3, 1, 7.95%, 0, 0, 3, 1382.75, 2256786
1667700839, 83, 22, 25, 3, 1, 7.95%, 0, 0, 3, 1408.62, 2263818
1667700844, 83, 22, 25, 3, 1, 7.95%, 0, 0, 3, 1392.64, 2270762
1667700849, 83, 22, 25, 3, 1, 7.95%, 0, 0, 3, 1388.28, 2277900
1667700854, 83, 22, 25, 3, 1, 7.95%, 0, 0, 3, 1423.12, 2285098
1667700859, 83, 22, 25, 3, 1, 7.95%, 0, 0, 3, 1360.81, 2292021
1667700864, 83, 22, 25, 3, 1, 7.95%, 0, 0, 3, 1358.81, 2299068
1667700870, 83, 22, 25, 3, 1, 7.95%, 0, 0, 3, 1345.74, 2306118
1667700875, 83, 22, 25, 3, 1, 7.95%, 0, 0, 3, 1412.97, 2313294
1667700880, 83, 22, 25, 3, 1, 7.95%, 0, 0, 3, 1419.66, 2320378
1667700885, 83, 22, 25, 3, 1, 7.95%, 0, 0, 3, 1423.98, 2327546
1667700890, 83, 22, 25, 3, 1, 7.95%, 0, 0, 3, 1380.51, 2334303
1667703781, 83, 22, 25, 3, 1, 7.95%, 0, 0, 3, 0.02, 2336652
1667703785, 83, 22, 25, 3, 1, 0.00%, 0, 0, 3, 0.00, 2339560
